a = 29.215
b = -0.615
sa = 3.134243130326682
sb = 0.22162445713413487Ox = [5.0, 15.0, 25.0, 35.0, 45.0]mid_f = [7.2, 0.7333333333333333, 0.312, 0.20857142857142857, 0.15777777777777777]