a = 26.655
b = -0.555
sa = 2.8984340599710037
sb = 0.2049502378627553Ox = [5.0, 15.0, 25.0, 35.0, 45.0]mid_f = [6.6, 0.6666666666666666, 0.28800000000000003, 0.19714285714285715, 0.1511111111111111]