oy =  [5.9, 6.0, 10.0, 16.0, 23.0, 29.0, 36.0, 42.0, 49.0, 55.0, 61.0]
ox =  [5.0, 15.0, 25.0, 35.0, 45.0, 55.0, 65.0, 75.0, 85.0, 95.0, 105.0]
p1_up(t):  [5.9, 6.0, 10.0, 16.0, 23.0, 29.0, 36.0, 42.0, 49.0, 55.0, 61.0]
a = -2.4113636363636317
b = 0.594090909090909
sa = 0.6209920325034354
sb = 0.0196374923152817
Ox =  [5.0, 15.0, 25.0, 35.0, 45.0, 55.0, 65.0, 75.0, 85.0, 95.0, 105.0]
mid_f =  [1.1800000000000002, 0.4, 0.4, 0.45714285714285713, 0.5111111111111111, 0.5272727272727272, 0.5538461538461539, 0.56, 0.5764705882352941, 0.5789473684210527, 0.580952380952381]