a = 3.5247247489999998
b = -0.07601635876
sa = 0.10182364560123854
sb = 0.007200019028977153
Ox = [5.0, 15.0, 25.0, 35.0, 45.0]
mid_f = [0.6782294092, 0.15147505906666667, 0.056439478960000004, 0.018338682457142857, 0.009010335733333335]
