a = 1.0748691623499997
b = -0.022036451429999993
sa = 0.07177275372358771
sb = 0.0050751000862380895
Ox = [5.0, 15.0, 25.0, 35.0, 45.0]
mid_f = [0.23310130459999998, 0.042325218133333335, 0.0122549682, 0.007537559742857142, 0.005538128711111111]
